Matriz nº 1: 

78 34 81 55 4 48 88 3 
43 82 76 41 98 81 8 25 
54 0 22 78 86 84 25 35 
35 41 82 68 53 16 96 84 
2 29 91 7 77 79 62 20 

Matriz nº 2: 

51 75 17 61 40 67 29 
74 77 91 65 19 26 54 
58 39 50 57 99 24 24 
0 32 13 95 58 11 23 
35 88 99 39 15 16 0 
56 36 81 82 13 72 0 
32 50 54 42 41 56 52 
40 81 28 92 65 42 88 

---------------------------------

Resultado multiplicación de matrices por filas: 

16956 20110 18305 24874 19462 17233 12147 
21891 27780 29921 29280 17656 16186 11058 
13944 22081 20680 26470 14544 15298 8268 
18758 28000 23389 31073 24640 17031 19145 
17429 20496 25244 21784 16070 14381 8953 

Tiempo de ejecución: 2.0637e-05

---------------------------------

Resultado multiplicación de matrices por columnas: 

16956 21891 13944 18758 17429 
20110 27780 22081 28000 20496 
18305 29921 20680 23389 25244 
24874 29280 26470 31073 21784 
19462 17656 14544 24640 16070 
17233 16186 15298 17031 14381 
12147 11058 8268 19145 8953 

Tiempo de ejecución: 1.9188e-05

