n:	60
m:	6
Pi	42	54	71	48	20	97	46	64	79	29	19	71	8	36	25	83	23	59	57	28	97	49	79	27	78	76	97	57	9	78	14	55	3	55	74	25	43	66	75	44	36	52	25	82	47	25	65	57	14	23	90	10	75	37	76	69	82	16	38	84
Sij																																																												
0	68	67	85	86	71	1	34	51	21	70	108	93	75	10	123	122	31	92	76	115	79	66	51	49	102	74	59	68	80	93	11	83	75	121	56	51	43	124	16	32	55	11	38	53	92	44	107	46	91	23	15	59	9	107	61	99	44	43	55	90
68	0	114	13	112	89	57	79	38	110	124	4	13	81	47	81	118	56	82	113	56	107	93	57	30	30	53	80	33	29	88	16	96	117	18	28	91	103	119	55	70	29	49	76	49	120	48	45	4	115	111	108	71	58	63	55	25	47	65	85	56
112	42	0	5	17	103	29	102	72	61	66	59	116	77	111	48	109	13	120	47	64	38	103	48	44	41	54	51	123	104	2	13	68	16	49	64	39	55	10	13	8	29	80	22	1	55	47	103	58	16	30	49	93	104	83	24	2	108	4	15	36
98	12	21	0	34	84	23	72	108	31	118	49	92	87	32	87	77	56	10	68	60	25	70	25	92	32	51	70	107	74	103	14	53	35	74	112	45	48	60	53	98	107	97	105	18	4	84	81	23	86	65	18	59	115	84	106	39	107	68	48	81
112	62	104	32	0	56	106	82	116	83	72	5	62	101	17	56	99	85	106	63	66	49	41	34	42	2	117	110	110	16	112	72	21	72	116	17	106	20	92	84	67	86	36	25	61	104	94	76	98	62	34	75	10	4	41	108	42	49	94	32	73
55	62	63	11	86	0	90	106	92	25	106	32	94	17	81	46	100	19	60	112	61	2	13	57	120	70	98	85	86	68	22	53	34	72	86	59	90	46	16	51	97	111	29	59	13	13	123	96	80	60	91	58	121	116	36	31	102	26	110	37	47
13	82	25	56	20	77	0	14	33	58	24	108	27	17	3	83	10	115	11	85	93	66	81	89	32	30	11	11	72	75	25	98	95	56	58	118	24	56	41	45	40	62	48	14	122	78	50	15	95	80	81	81	59	53	47	2	20	71	37	97	62
56	74	25	31	68	56	51	0	112	50	97	6	95	5	15	8	105	18	39	1	43	6	39	119	77	89	52	99	66	18	73	91	60	28	17	45	47	81	71	113	86	48	81	70	96	18	103	107	27	115	101	113	84	89	109	93	14	74	4	96	84
63	80	36	123	71	11	29	45	0	79	52	117	60	20	15	41	19	35	59	109	65	88	16	97	55	64	115	48	11	19	75	57	59	71	33	93	92	53	22	81	92	117	43	96	74	14	67	73	40	74	1	66	82	44	103	5	56	110	74	111	44
106	73	41	108	82	121	25	24	35	0	43	33	119	85	6	86	56	95	3	10	7	31	33	76	87	118	17	30	67	51	21	17	37	96	67	73	14	84	77	108	56	44	117	91	63	118	84	6	35	53	45	11	21	67	57	23	99	84	30	8	38
22	88	92	52	98	60	61	1	70	78	0	61	75	101	31	99	123	76	120	36	19	113	104	43	36	14	116	99	116	72	115	16	11	109	46	41	5	69	74	86	124	101	15	1	3	59	119	13	73	99	109	32	83	23	91	12	82	96	122	27	81
43	56	88	5	88	22	45	30	81	97	8	0	113	102	121	99	85	20	14	35	13	123	98	66	21	87	41	2	113	55	79	118	37	32	74	116	43	80	12	75	24	64	43	74	28	16	107	45	63	24	21	117	93	99	101	15	43	51	46	99	14
35	124	101	13	109	99	117	64	47	32	69	73	0	83	60	99	121	97	80	3	107	112	51	71	63	45	21	65	97	48	100	64	14	124	124	97	93	25	12	121	67	20	18	100	100	19	108	112	97	37	118	24	112	120	30	124	53	11	4	102	35
42	88	29	96	98	79	11	32	26	109	70	64	25	0	89	58	109	66	53	43	33	84	34	21	105	107	53	86	10	41	35	122	30	54	5	106	82	103	27	20	99	62	49	77	29	27	98	104	36	16	15	43	79	4	18	104	105	74	6	87	13
64	3	42	77	81	55	85	119	40	20	22	61	66	103	0	74	68	118	54	47	112	32	57	2	53	110	76	99	77	48	41	14	27	91	71	52	45	37	64	56	10	25	46	15	38	3	27	115	38	120	69	118	7	47	111	107	9	79	123	5	33
50	77	104	84	5	84	82	120	49	66	35	92	44	44	73	0	111	98	41	66	122	98	69	118	65	55	122	3	82	123	1	21	42	62	111	41	45	104	68	25	77	41	79	46	87	17	21	50	120	8	39	45	70	118	64	21	107	109	19	49	81
109	50	73	97	115	9	111	118	66	101	113	121	113	61	22	78	0	8	17	101	36	123	88	110	120	119	27	68	74	62	8	28	105	98	69	63	102	91	74	54	52	113	90	47	26	5	27	75	108	94	17	13	41	65	86	43	4	54	6	97	17
37	121	37	23	81	56	63	37	13	55	107	121	17	39	47	119	44	0	51	122	50	13	114	23	49	57	113	4	83	60	93	71	58	69	23	34	70	37	18	51	105	10	111	52	92	42	102	107	73	40	63	29	82	57	78	78	105	84	60	100	12
81	92	106	55	81	105	118	64	71	36	65	22	98	70	77	124	23	71	0	85	107	116	16	81	71	78	49	60	113	66	118	83	3	17	53	111	121	32	32	105	24	6	30	19	98	77	64	53	22	106	69	98	22	61	73	15	22	26	57	28	58
89	112	24	15	93	9	98	102	63	50	105	36	91	63	2	81	38	33	19	0	72	78	49	104	102	91	26	82	99	100	94	11	72	15	82	72	124	1	9	62	77	72	52	34	11	86	103	79	115	117	68	41	65	4	7	59	38	42	78	54	89
61	60	102	115	106	65	104	49	70	110	67	55	2	77	113	56	40	115	67	5	0	76	91	70	80	11	2	37	31	52	9	96	106	116	102	13	1	92	35	12	67	99	124	33	65	52	23	15	31	62	114	83	116	66	102	121	87	46	113	84	24
73	38	13	32	122	103	21	118	27	75	82	104	123	89	89	49	67	42	115	113	31	0	9	43	100	54	111	78	59	91	49	98	61	21	34	86	68	85	35	14	104	102	7	116	34	103	72	10	67	71	98	122	28	118	71	106	1	108	8	10	79
123	43	36	94	47	43	44	84	70	38	99	1	5	52	32	35	122	117	79	29	36	117	0	68	116	115	75	47	124	84	19	29	4	115	84	15	70	49	114	122	111	72	110	115	76	82	55	71	97	6	57	121	10	5	67	22	76	65	120	115	49
34	119	87	106	39	103	74	39	65	30	34	5	11	78	13	31	59	63	102	96	60	73	43	0	1	33	51	78	30	62	81	23	84	94	100	82	113	62	122	103	5	69	90	91	17	21	16	110	81	91	11	42	121	65	118	36	58	61	122	46	37
75	20	91	113	33	47	90	96	81	41	59	26	31	87	3	3	57	21	100	53	80	26	95	99	0	9	45	54	13	73	98	4	64	97	17	112	78	117	76	88	93	21	50	54	43	29	123	113	76	49	109	97	108	98	24	34	65	114	55	22	30
115	3	38	114	10	58	80	52	2	72	94	97	46	17	116	120	38	101	42	92	25	41	100	107	33	0	69	120	66	74	21	113	9	16	69	74	34	91	3	65	6	69	104	81	11	81	54	52	122	54	56	24	18	25	124	39	21	84	75	64	13
83	56	27	15	20	76	61	101	40	10	60	76	7	15	89	112	56	94	40	74	66	42	89	99	5	37	0	69	46	59	122	117	34	101	67	124	41	23	89	10	77	59	45	112	59	9	52	80	82	78	22	116	118	58	62	88	91	86	69	77	78
84	12	122	105	115	39	1	110	104	35	20	35	110	104	99	54	82	71	4	10	50	85	96	62	11	36	28	0	73	58	99	70	30	56	7	76	65	67	69	77	2	9	73	117	109	18	22	46	100	3	51	35	22	9	123	3	15	107	22	98	75
10	22	102	52	68	110	32	55	115	110	47	13	112	57	14	7	93	93	102	123	1	6	115	121	23	77	73	99	0	88	77	28	68	63	97	109	122	52	98	78	9	5	70	51	124	118	36	74	45	124	28	78	109	122	16	106	43	21	43	112	87
46	66	2	100	84	90	71	5	37	105	90	58	75	71	68	68	113	62	65	73	112	97	20	80	74	6	25	48	119	0	84	57	100	93	45	100	16	117	23	20	35	5	18	61	63	84	75	120	10	103	98	11	109	28	56	78	81	75	120	72	47
28	97	12	52	15	68	7	19	53	43	53	16	26	2	84	47	121	32	123	29	32	79	13	58	62	60	31	43	55	85	0	63	102	38	112	4	120	116	32	94	106	47	12	72	64	80	87	56	29	111	86	16	83	13	120	10	6	79	7	99	10
17	104	23	104	24	80	61	122	87	11	40	110	89	27	17	96	105	105	57	76	52	92	57	60	77	23	39	119	49	89	31	0	100	90	21	89	38	84	32	118	61	59	91	26	87	67	106	21	38	80	80	93	60	1	31	116	33	35	123	12	14
57	19	51	42	67	96	76	58	99	41	55	124	106	118	2	1	65	42	15	81	67	72	124	46	62	51	65	72	6	41	73	3	0	101	79	82	34	91	12	70	31	110	100	35	32	68	83	65	5	118	51	61	11	59	117	95	92	12	31	59	96
109	94	32	66	119	68	56	50	66	45	41	86	123	119	12	42	46	61	15	111	82	24	13	107	40	62	35	65	87	93	20	111	21	0	29	13	76	35	88	19	120	13	36	60	87	78	71	55	5	41	36	115	104	115	71	18	22	39	104	85	47
107	38	14	19	61	109	69	116	27	86	71	96	93	120	123	8	39	27	87	76	26	45	19	76	42	35	31	117	66	36	31	118	37	123	0	74	123	107	44	79	8	103	12	80	87	23	60	108	18	68	30	57	102	52	107	53	108	76	51	12	45
114	9	68	121	61	68	121	36	45	106	60	13	28	90	18	4	65	102	49	8	23	68	65	7	2	2	118	111	58	24	34	23	64	20	27	0	116	18	35	99	28	45	79	96	86	113	90	23	21	115	16	93	113	58	28	87	14	113	7	53	11
10	8	72	99	21	30	14	97	115	104	63	87	71	30	101	89	117	48	30	16	47	70	112	121	37	78	59	38	31	48	77	54	70	111	3	65	0	23	2	113	70	56	69	51	62	110	14	38	56	85	116	55	25	59	98	81	99	38	124	94	74
85	96	18	82	55	88	28	67	66	45	83	39	7	36	26	109	56	54	28	80	112	83	99	103	94	81	14	46	75	110	103	78	44	58	106	38	11	0	103	9	15	53	66	120	110	88	86	10	59	82	81	70	35	18	56	7	14	36	36	50	30
106	105	119	22	77	115	107	102	60	59	89	83	1	37	78	84	98	75	5	112	61	7	80	13	123	68	17	109	5	43	96	29	37	98	5	55	15	124	0	124	18	28	30	19	46	101	10	44	5	41	4	107	63	23	46	107	99	29	28	33	45
59	92	79	98	84	102	101	40	109	50	26	72	110	86	18	92	122	108	49	13	90	1	17	66	124	96	5	53	21	92	50	61	115	86	26	49	75	38	77	0	46	91	29	54	124	21	79	120	96	4	63	119	26	88	2	95	10	64	99	41	52
64	61	120	41	5	84	40	74	75	7	46	54	8	4	35	45	48	77	67	31	113	96	79	35	95	71	98	104	27	10	21	123	100	89	46	69	121	51	89	97	0	123	30	120	77	66	106	25	114	105	5	29	10	35	65	32	50	104	32	12	50
73	87	95	22	77	27	65	104	100	89	31	39	49	101	61	1	28	26	79	86	108	88	91	92	107	45	5	52	26	84	109	102	69	28	64	88	115	49	45	65	61	0	111	43	82	9	22	114	98	12	10	108	92	31	14	14	83	104	51	26	90
49	12	89	3	49	57	113	83	103	92	116	79	30	98	29	99	14	55	28	124	12	61	93	41	109	23	53	105	33	52	77	81	1	14	74	68	85	85	79	123	88	37	0	20	103	57	85	107	88	5	76	12	104	42	64	28	54	74	118	18	30
23	95	65	85	88	51	8	3	124	30	91	110	29	37	28	45	5	37	13	81	99	110	13	109	55	50	41	100	40	99	109	83	102	104	24	39	29	77	54	118	90	13	92	0	60	72	57	86	2	79	67	113	9	21	9	3	56	110	90	96	96
15	11	27	55	27	20	8	116	75	3	76	59	105	84	1	80	16	112	105	4	101	90	102	34	31	53	33	10	86	84	124	122	36	85	22	117	98	78	103	118	123	13	62	97	0	102	85	66	89	93	46	119	115	2	102	103	66	39	24	121	76
44	87	26	53	2	75	117	56	65	59	13	28	44	16	105	8	61	33	54	58	105	50	25	95	13	28	75	66	61	118	109	76	27	66	120	116	38	98	113	38	67	108	31	108	28	0	54	11	27	23	106	6	120	106	49	45	37	47	63	2	50
95	11	119	1	4	48	77	107	83	59	112	17	15	71	100	50	90	23	61	110	112	92	86	20	54	107	15	17	67	89	17	9	16	18	21	75	10	99	97	105	9	46	107	82	40	122	0	87	11	62	10	97	107	58	33	80	17	71	69	89	23
4	65	54	41	32	63	37	56	64	88	105	3	58	54	37	44	88	53	96	4	79	115	49	111	118	84	96	100	29	96	115	49	31	59	33	18	61	15	56	36	42	15	108	36	108	29	122	0	5	34	98	48	94	76	111	78	65	40	112	84	106
23	7	104	84	119	52	17	30	88	67	83	39	122	113	63	116	27	58	77	118	66	17	84	4	95	107	91	46	124	74	114	10	124	61	9	121	116	38	55	61	68	61	6	123	22	15	79	115	0	31	106	106	13	111	8	16	79	25	2	33	106
37	55	8	112	50	95	29	118	27	12	47	53	95	36	81	38	22	37	44	65	102	72	97	12	52	101	33	67	35	53	7	28	102	8	109	1	95	103	104	85	102	23	81	99	27	97	73	29	55	0	84	115	61	73	115	120	50	15	83	62	19
23	41	71	43	122	48	25	5	46	46	91	122	65	42	81	63	25	121	47	25	78	96	12	97	109	14	74	13	57	33	2	36	1	35	79	78	119	18	90	44	115	112	86	73	102	60	40	84	52	67	0	64	83	55	23	106	101	115	105	119	19
48	35	100	100	103	101	82	104	122	26	58	34	7	10	74	108	74	46	93	88	20	16	118	64	53	80	41	119	42	56	35	71	36	119	21	110	102	110	11	80	41	25	82	64	61	14	26	49	65	31	40	0	56	65	25	39	68	102	117	79	78
52	108	24	94	17	104	106	77	104	101	40	5	2	88	117	37	31	95	78	59	96	68	71	59	85	74	66	117	67	34	17	93	76	70	7	59	31	39	30	108	117	66	75	28	53	50	22	111	98	70	100	96	0	13	124	77	59	52	81	96	71
91	104	110	47	103	1	30	32	69	29	66	69	29	109	91	121	110	108	75	19	104	81	35	57	42	115	24	52	117	62	102	21	72	42	124	56	83	86	13	39	67	72	101	41	78	36	106	6	51	76	124	112	104	0	95	1	95	78	47	105	93
71	114	116	10	5	14	39	22	87	40	101	33	92	13	72	27	14	19	68	97	38	50	3	100	58	99	49	54	14	27	119	88	102	94	85	43	72	15	34	110	9	120	114	78	74	9	26	63	112	94	3	118	85	60	0	32	28	46	87	7	81
82	32	44	83	2	112	92	24	55	33	77	16	90	31	78	119	32	38	119	78	114	78	118	105	117	36	39	62	109	8	90	59	55	104	8	61	4	2	107	21	124	35	124	2	112	13	82	28	14	96	81	18	79	122	11	0	93	77	33	89	21
62	34	108	87	5	25	8	9	67	112	115	95	104	113	9	19	91	6	53	39	50	66	60	82	67	23	116	27	88	77	23	10	21	89	89	34	24	94	89	67	12	40	100	24	79	26	22	124	19	77	33	123	115	66	98	102	0	67	124	58	117
58	97	115	114	32	102	91	109	41	97	4	108	26	20	6	59	24	28	114	55	17	100	56	29	2	108	44	123	117	87	69	86	54	19	91	16	102	48	29	119	23	56	113	45	87	39	40	75	64	33	33	1	53	29	12	78	118	0	113	36	56
9	39	120	124	61	65	24	27	19	54	59	23	60	98	79	107	117	58	85	69	18	19	115	63	19	94	17	36	101	22	115	33	18	2	120	82	62	19	36	26	85	90	110	74	23	29	44	33	81	108	26	98	112	91	71	13	8	2	0	23	109
48	24	87	77	3	94	19	55	74	27	71	44	9	62	35	22	96	102	54	37	93	115	8	121	9	87	70	78	26	86	50	47	7	42	60	91	119	34	105	45	82	58	104	10	18	36	41	31	116	71	18	80	14	116	51	102	45	92	68	0	35
94	60	12	32	89	18	65	81	50	50	63	45	115	9	50	62	104	91	7	80	108	50	37	56	26	34	110	76	44	107	3	69	43	96	15	56	17	42	74	46	86	38	86	6	45	84	114	32	79	46	5	6	92	4	94	33	115	109	67	34	0
