n:	60
m:	2
Pi	86	43	42	71	8	98	89	63	24	34	79	63	54	13	51	30	18	42	8	64	89	41	5	45	4	74	9	33	35	22	76	36	10	6	52	6	59	84	89	96	34	64	56	13	31	6	31	73	19	33	11	87	24	59	54	4	13	4	39	58
Sij																																																												
0	17	24	11	40	3	14	43	19	14	17	38	20	40	20	14	38	20	23	20	12	20	14	12	29	35	22	5	24	18	12	6	10	14	49	35	9	22	19	19	15	33	48	39	45	41	45	11	2	46	44	13	23	7	19	39	2	11	25	26	38
38	0	46	17	45	8	35	14	28	3	35	35	36	20	45	21	38	21	26	14	16	44	5	49	11	3	4	20	5	27	26	49	19	40	11	41	6	29	5	22	4	37	12	27	13	27	37	6	14	48	39	27	24	49	3	13	6	11	44	6	2
24	29	0	17	37	10	28	15	22	23	24	43	8	11	47	5	42	35	36	17	6	3	22	33	47	1	45	38	19	48	36	48	7	31	29	43	1	36	48	29	8	27	28	34	11	17	1	20	35	36	18	7	16	46	38	38	11	25	5	5	17
31	48	35	0	9	27	29	44	31	29	35	28	35	8	13	21	36	7	17	11	24	28	33	44	40	25	38	30	21	16	11	8	23	21	21	1	42	35	23	19	20	5	17	19	46	27	11	3	5	41	35	1	41	29	27	19	19	11	12	15	45
37	26	25	19	0	48	41	47	7	27	43	43	46	31	13	18	27	10	43	37	8	20	33	21	49	27	44	39	24	15	21	27	12	34	2	47	7	48	47	46	32	1	11	18	27	27	47	38	15	9	2	40	35	31	39	43	34	16	29	22	12
9	8	15	41	11	0	42	49	45	42	25	33	47	13	42	9	2	7	33	22	17	17	49	11	13	42	43	47	48	48	11	26	34	32	25	13	3	40	42	45	6	11	12	30	29	25	45	5	32	46	9	40	19	46	36	10	9	42	36	25	7
20	31	47	20	27	9	0	29	16	12	6	12	10	32	15	9	31	3	4	20	1	30	38	47	44	47	34	46	3	41	8	38	19	10	32	23	6	49	28	49	6	41	13	35	18	19	25	37	39	38	11	21	28	44	41	37	30	46	27	42	21
18	42	32	10	19	29	29	0	44	9	1	5	27	43	20	1	44	29	1	21	3	36	30	46	21	27	35	25	27	22	7	10	4	40	12	41	18	15	6	35	42	23	3	2	23	2	2	35	39	2	18	42	31	30	27	49	37	40	35	8	30
9	20	29	13	41	3	1	37	0	31	16	49	15	43	49	37	14	28	32	1	12	11	3	48	35	19	46	44	30	7	20	11	35	11	2	42	42	47	35	33	13	48	27	44	38	37	24	21	18	43	3	29	23	49	49	9	34	28	20	23	20
6	3	8	49	25	7	3	32	19	0	49	13	22	7	46	20	5	19	13	33	43	33	18	46	14	27	45	42	3	7	31	36	41	12	47	39	37	6	48	49	29	14	48	3	42	5	46	9	33	7	25	35	45	37	32	17	34	7	33	2	29
8	7	34	25	11	33	36	43	11	38	0	47	38	17	20	16	28	31	21	31	4	9	8	39	17	16	49	32	36	35	46	42	43	26	15	35	34	46	7	24	12	42	14	38	48	21	1	49	43	23	32	33	45	36	19	30	10	41	24	17	19
44	16	32	46	25	22	30	48	44	30	11	0	4	10	16	6	21	49	35	43	35	22	17	2	34	20	1	12	47	21	18	13	4	49	16	5	34	10	32	6	44	7	4	7	3	47	9	41	27	34	23	2	26	4	40	16	9	21	11	38	4
7	17	9	16	11	39	3	5	41	31	27	20	0	6	9	5	17	14	29	36	2	6	2	10	40	5	40	33	17	44	28	13	29	42	9	15	26	18	14	4	32	39	23	32	16	8	23	8	6	13	7	42	3	47	6	28	29	37	44	32	30
16	44	41	47	47	24	40	9	27	33	40	24	19	0	14	15	9	18	27	17	23	34	25	21	42	31	6	14	32	27	24	18	2	10	16	35	43	21	4	13	41	8	31	31	45	43	2	17	7	15	26	13	6	35	3	47	9	19	16	2	26
21	43	19	27	14	12	32	49	24	24	24	42	9	4	0	3	47	18	48	23	41	22	32	22	48	14	29	24	21	14	46	45	44	36	9	31	28	37	20	45	7	37	41	32	28	28	42	44	12	16	21	31	47	5	40	4	14	43	20	33	41
18	43	5	7	38	44	26	36	10	40	6	38	38	27	14	0	13	49	32	24	26	24	30	37	46	46	43	37	20	16	18	28	47	9	20	26	38	29	36	11	41	25	16	46	12	35	32	2	36	31	15	44	19	34	43	5	9	16	27	37	49
41	37	35	49	46	15	1	22	14	11	12	11	3	14	45	23	0	7	34	7	46	23	46	48	42	40	43	6	42	30	13	44	1	25	5	9	29	20	33	38	20	41	19	22	43	8	40	20	7	32	6	24	28	5	1	36	33	13	40	23	20
25	46	45	6	48	18	6	29	37	25	45	28	12	47	9	35	36	0	28	40	40	34	6	15	18	42	5	20	47	21	25	7	39	46	35	30	1	4	18	46	38	11	2	42	42	46	43	7	23	18	26	41	37	36	26	1	36	43	38	9	10
39	49	18	36	20	16	12	48	21	27	20	28	39	33	23	22	13	15	0	10	24	15	37	26	20	10	20	41	28	34	18	49	14	25	21	18	11	13	19	8	36	25	1	14	28	46	42	7	8	20	29	10	18	8	28	38	20	42	36	38	4
44	45	17	25	46	22	17	25	45	22	3	39	8	37	27	10	14	4	11	0	25	37	25	43	31	31	9	41	46	32	18	12	10	43	45	33	48	45	47	21	37	21	48	22	30	10	38	2	48	47	35	40	28	41	49	18	1	35	9	37	7
7	9	39	48	18	17	38	11	34	45	26	3	29	6	33	6	36	28	22	35	0	3	3	44	45	30	48	48	20	11	16	19	24	28	25	13	12	9	2	26	13	8	16	10	23	49	15	33	3	5	22	48	12	17	46	12	26	44	32	44	41
22	8	48	36	10	31	20	2	43	11	11	42	48	29	17	46	45	34	35	46	27	0	35	8	31	26	18	20	8	40	30	17	42	49	44	44	9	48	40	12	11	12	4	4	34	32	32	1	14	46	40	2	18	22	43	12	42	37	32	41	47
27	48	19	28	11	31	29	34	28	17	31	39	24	10	11	17	7	38	13	40	40	6	0	6	3	6	29	30	39	45	34	33	41	40	6	1	37	31	20	43	2	15	25	4	11	27	11	28	27	44	11	2	35	4	8	15	33	34	37	45	31
33	47	45	40	38	15	31	12	28	31	6	12	10	42	6	20	21	7	16	27	1	14	35	0	22	24	24	25	9	10	39	30	41	12	21	24	22	17	3	39	40	35	33	10	8	12	40	21	37	36	8	30	7	27	45	48	49	47	18	26	27
35	29	28	40	24	36	3	6	38	25	45	29	34	25	33	2	15	28	11	46	8	31	36	20	0	2	24	33	39	32	41	28	35	8	40	6	22	10	36	21	20	11	5	8	6	14	47	38	44	39	26	15	38	38	11	16	5	29	48	8	46
19	33	31	24	32	39	31	29	20	36	33	8	34	45	21	27	2	32	5	22	34	28	36	10	42	0	2	41	27	17	5	7	7	16	13	23	28	29	10	46	28	41	25	22	36	43	25	2	17	17	44	30	46	26	36	27	30	4	14	46	35
16	2	12	31	19	25	6	20	15	2	24	47	31	41	32	28	40	15	46	22	6	44	37	35	35	15	0	19	14	37	3	27	15	34	48	29	36	19	39	2	18	17	30	13	11	5	43	14	32	29	46	10	8	36	12	10	46	25	13	7	41
41	43	25	11	6	39	35	44	43	19	35	12	21	7	7	30	18	21	21	10	48	25	45	24	24	32	47	0	17	19	1	7	35	49	9	24	47	34	19	38	34	16	26	16	16	10	34	44	41	29	20	45	26	5	33	37	9	31	19	1	18
22	11	7	11	16	3	25	3	38	32	32	45	4	49	38	1	49	24	25	12	36	11	14	36	30	26	6	33	0	5	33	43	46	20	11	39	20	3	11	25	38	9	48	6	5	39	16	2	23	34	3	25	18	19	40	11	31	7	29	28	47
25	12	6	10	25	37	34	44	35	21	3	13	12	39	21	39	6	23	2	49	5	21	25	12	30	33	20	10	17	0	26	7	33	4	1	23	38	27	3	46	30	42	18	34	29	29	28	37	42	3	2	35	8	39	40	38	1	17	7	6	15
28	21	13	17	28	31	49	18	31	39	13	9	32	23	10	28	33	15	49	14	14	11	11	33	19	5	29	39	43	14	0	44	19	47	48	44	38	40	8	32	42	16	27	11	17	34	14	29	9	37	43	15	35	29	14	43	33	44	20	44	25
14	49	17	37	19	47	46	26	39	10	31	9	25	4	29	40	3	36	40	6	7	40	35	3	9	27	8	40	12	29	35	0	10	18	25	22	31	40	46	28	37	42	2	3	14	19	29	46	5	28	9	16	35	29	43	1	42	44	22	27	35
47	16	32	48	22	6	39	12	8	15	45	35	16	32	17	12	4	7	9	2	40	44	42	3	27	13	15	3	37	40	43	28	0	22	16	26	42	17	12	15	35	24	21	17	24	41	29	36	11	8	4	12	23	9	22	5	33	25	7	14	34
24	34	28	46	8	42	34	23	9	11	9	17	6	25	20	10	27	48	23	39	27	41	46	43	10	19	8	8	1	1	20	22	12	0	37	22	16	3	12	45	49	28	1	33	21	44	2	36	16	21	3	39	3	13	43	49	34	40	2	7	20
28	25	4	48	23	45	24	9	2	8	20	3	5	30	18	17	32	38	26	10	1	11	42	8	4	5	47	46	40	33	42	26	8	49	0	23	31	33	4	13	41	8	44	7	3	35	18	37	44	46	15	31	26	38	19	36	34	24	30	14	28
27	24	37	21	49	36	37	43	26	15	49	30	49	43	21	10	37	40	20	7	49	10	39	13	31	46	49	42	7	46	5	34	47	21	26	0	33	1	43	22	33	17	22	24	31	15	19	9	26	23	41	9	9	18	46	47	3	48	12	40	3
23	16	19	28	22	43	4	23	40	10	17	1	18	32	23	30	8	22	8	48	44	4	47	43	31	21	27	42	30	16	23	35	40	5	3	9	0	8	35	40	40	31	31	11	5	43	4	43	30	6	36	20	37	10	47	45	4	30	23	48	12
34	30	10	43	34	19	23	40	19	46	30	48	44	24	23	39	8	47	46	34	45	40	39	27	23	23	33	36	16	6	19	13	24	12	17	43	45	0	5	22	30	10	19	33	5	6	31	39	8	3	14	39	7	40	17	49	37	33	45	47	12
31	23	34	1	3	18	33	16	26	45	27	4	34	3	43	44	26	46	17	35	21	46	45	23	45	13	36	8	5	42	1	37	26	33	4	49	6	1	0	27	2	38	29	38	1	45	23	10	3	33	38	8	31	13	9	34	40	18	37	46	33
17	37	33	41	44	28	11	18	25	41	47	41	34	12	10	41	17	36	39	19	38	45	46	6	21	4	39	47	18	28	26	47	30	34	1	21	6	47	7	0	47	25	45	33	46	19	24	35	1	8	45	1	5	44	41	18	3	29	7	43	41
46	44	47	22	39	24	16	4	49	17	12	35	20	40	46	32	29	42	2	17	40	1	33	10	8	46	33	48	10	13	18	38	49	29	15	42	23	9	37	27	0	12	7	37	29	1	15	4	1	35	34	26	25	2	22	9	44	48	12	40	45
41	41	7	10	20	20	32	18	49	10	28	32	11	46	40	44	22	23	23	45	29	49	33	41	6	8	3	35	34	40	28	9	35	38	11	17	26	12	25	12	36	0	2	19	7	23	7	7	10	33	17	43	14	46	34	31	46	48	42	9	14
14	3	9	33	11	31	26	21	16	6	9	30	37	21	45	3	18	20	46	46	11	26	26	44	32	33	22	47	30	1	14	13	7	49	9	29	17	35	45	18	47	19	0	49	3	3	28	43	13	17	6	33	26	28	27	17	25	45	44	21	12
35	13	46	15	47	30	14	14	16	24	44	18	47	36	39	20	10	29	4	16	15	18	19	41	32	15	45	46	17	22	10	15	9	26	34	31	38	33	10	23	23	2	3	0	28	36	11	47	2	37	45	8	36	44	38	8	42	11	35	23	4
28	6	35	20	23	19	21	47	46	29	12	45	37	33	29	33	6	25	23	10	27	16	39	9	20	26	39	20	29	18	42	5	13	33	33	49	20	32	44	33	31	15	35	18	0	3	11	11	11	22	47	49	23	46	40	38	18	3	2	37	31
27	12	19	12	40	21	1	24	46	43	28	46	36	15	41	6	41	38	6	16	41	1	14	17	7	29	13	40	33	28	5	42	42	41	26	41	2	15	47	12	21	12	15	17	43	0	40	35	40	10	5	35	34	19	4	10	30	38	35	26	40
40	6	38	18	25	1	18	36	26	15	6	29	17	14	39	1	31	13	16	29	42	21	19	15	39	30	12	28	20	8	38	35	2	2	11	36	47	12	41	24	34	36	26	34	13	27	0	46	33	46	17	37	10	27	20	41	33	48	15	28	48
16	23	21	13	10	31	20	30	47	28	27	48	17	25	11	14	20	25	3	42	9	45	36	29	46	44	46	18	43	29	49	2	1	35	3	8	21	38	3	18	46	26	30	16	29	3	9	0	26	6	46	16	43	30	35	15	8	3	21	2	13
3	19	8	23	10	12	7	17	15	12	28	22	9	25	27	22	29	39	7	29	4	36	17	20	19	30	29	48	31	15	43	30	44	5	41	43	33	17	31	31	29	37	3	32	15	45	46	9	0	46	4	26	16	2	21	22	2	44	10	20	10
13	23	10	22	24	13	34	24	4	48	26	33	5	34	49	5	20	11	40	43	27	39	37	13	27	46	49	32	35	17	22	13	39	21	39	1	4	25	40	31	23	8	15	20	17	38	2	43	35	0	2	23	12	13	9	12	3	1	44	32	26
2	6	12	19	38	38	14	2	20	31	19	3	22	45	23	4	20	42	24	5	5	44	36	28	9	22	5	14	9	34	29	19	28	7	16	47	48	13	47	6	3	2	7	48	44	13	7	1	47	40	0	35	3	7	45	2	38	32	6	7	2
15	22	6	43	25	13	14	5	48	39	32	13	3	26	45	36	23	19	4	24	32	35	39	42	43	29	27	39	8	31	25	38	13	27	23	44	31	12	18	3	38	47	39	4	1	47	46	43	23	44	15	0	31	26	19	43	24	41	18	7	32
33	48	40	34	33	2	1	45	46	14	11	6	29	31	20	3	23	9	16	44	33	6	32	2	13	40	14	44	21	39	48	18	12	37	16	22	3	31	43	29	41	42	31	2	21	19	45	39	25	31	46	16	0	9	44	42	48	5	28	7	37
15	23	9	22	41	37	34	9	5	10	29	10	40	34	44	24	25	47	35	34	44	18	10	46	31	39	28	7	5	3	29	38	20	34	17	35	39	14	38	33	13	22	24	43	3	38	39	27	2	5	19	13	30	0	46	22	45	28	24	23	47
5	19	15	32	20	39	8	7	10	13	45	46	11	25	34	4	35	16	12	21	27	2	30	35	47	4	46	11	11	49	27	6	4	22	46	29	12	16	45	42	44	7	34	43	6	24	43	7	4	32	16	7	2	13	0	34	9	22	33	42	9
47	6	41	14	18	28	3	30	21	9	29	49	35	11	21	2	28	12	35	24	23	14	48	2	2	16	21	3	48	36	13	26	46	22	49	27	14	39	40	26	2	44	31	12	23	37	21	26	22	40	7	2	39	10	36	0	3	12	17	1	42
18	14	33	2	19	27	25	41	38	27	4	28	31	8	47	19	8	25	21	33	10	32	38	34	13	36	26	25	34	12	14	37	17	47	17	49	36	8	37	28	21	34	19	1	47	40	21	17	2	22	39	26	39	49	5	49	0	11	31	36	4
23	25	1	7	44	18	40	40	39	10	3	45	23	34	4	25	36	34	49	44	24	18	10	4	7	37	3	5	29	7	4	16	1	40	48	37	47	12	29	42	28	27	27	45	7	39	17	15	2	40	43	44	4	1	37	3	12	0	42	48	31
40	38	34	14	35	7	30	24	5	25	11	14	5	12	10	21	43	16	39	43	1	33	40	46	27	18	20	27	23	14	19	44	14	49	27	4	12	35	47	48	18	8	38	11	14	44	49	6	45	40	29	17	2	41	33	38	5	36	0	26	42
39	2	20	29	19	38	38	16	10	4	45	44	7	7	48	48	34	29	15	47	16	2	38	21	32	48	14	34	36	35	16	10	16	24	42	40	38	43	42	3	35	11	49	25	39	28	43	3	44	39	33	22	29	6	15	11	36	34	7	0	27
14	3	33	5	24	5	10	27	2	45	18	34	29	1	9	36	13	41	10	35	41	47	10	18	20	30	6	42	42	3	49	6	28	16	14	5	39	5	43	28	25	13	1	33	23	32	38	39	47	8	38	24	10	25	19	15	27	12	48	15	0
