n:	50
m:	8
Pi[1-99]	96	35	32	2	75	71	21	21	26	87	85	39	41	71	89	91	66	93	60	52	99	32	47	53	64	50	97	91	75	48	54	60	14	65	9	50	35	67	69	19	36	53	91	28	80	91	44	57	52	11
Sij[1-99]																																																		
0	34	30	77	44	44	34	32	88	9	25	43	70	81	86	43	92	73	50	52	47	11	81	48	29	30	97	16	95	37	82	84	43	86	26	26	65	83	57	55	31	4	33	5	46	67	87	34	46	18	78
82	0	52	47	5	95	32	60	24	14	15	1	65	94	54	56	66	47	58	42	43	8	20	39	62	4	92	51	65	23	93	43	43	49	85	40	49	91	3	24	55	26	17	15	18	60	78	15	63	91	40
95	35	0	23	77	43	23	97	95	1	91	52	6	17	63	59	24	4	24	78	86	24	48	11	89	69	16	37	35	77	9	52	47	75	69	57	28	16	86	97	1	73	19	81	92	75	36	6	11	36	97
68	27	97	0	54	64	60	89	21	32	74	52	25	56	99	73	5	52	14	74	94	65	22	82	43	95	93	36	90	14	35	44	87	17	90	73	49	17	82	34	48	43	93	47	46	46	77	30	46	47	33
39	98	35	23	0	83	79	83	47	71	80	23	87	38	94	88	80	5	20	73	77	71	53	18	33	17	41	76	36	69	13	45	66	64	88	96	24	23	59	28	35	56	54	43	80	1	48	15	31	66	13
54	3	49	22	54	0	17	95	74	40	13	8	7	8	84	70	41	40	87	47	85	23	82	72	85	70	38	37	6	27	98	57	64	87	73	31	75	38	19	87	76	25	25	12	50	60	71	81	16	83	94
66	41	21	85	33	28	0	19	56	9	64	20	90	18	22	20	55	85	97	54	71	54	65	80	44	93	21	42	86	62	75	67	10	35	41	36	25	79	75	35	1	71	14	7	30	41	11	91	57	38	97
6	44	85	17	88	11	46	0	52	69	60	52	5	69	71	98	53	16	18	37	56	97	94	75	46	39	47	49	28	3	62	81	60	22	40	78	69	3	10	82	45	31	51	31	83	65	99	5	11	25	18
50	1	79	64	28	46	8	70	0	1	83	41	24	64	79	55	54	57	25	4	3	48	42	2	8	27	70	32	94	35	4	52	32	80	52	24	17	15	91	11	98	10	89	85	17	64	80	68	74	62	38
60	11	32	23	17	34	19	41	45	0	48	97	54	4	74	77	51	16	63	7	80	48	35	25	58	91	44	75	8	73	51	77	27	54	1	68	17	14	91	79	58	59	91	3	98	68	22	19	19	9	22
27	80	17	74	44	15	25	16	56	94	0	18	62	31	98	79	79	97	92	26	85	12	69	50	60	62	96	62	86	62	94	59	59	36	82	14	48	17	97	94	9	60	32	87	98	40	85	3	14	50	34
73	46	72	81	1	77	87	82	21	45	83	0	57	96	49	47	56	62	9	13	3	19	22	75	95	77	15	67	89	15	78	54	59	2	63	82	74	9	22	44	98	17	28	94	31	62	3	63	55	87	17
35	86	54	60	40	49	8	12	83	3	87	99	0	89	92	42	26	13	69	61	6	50	50	46	4	60	43	69	62	65	4	63	81	38	40	71	84	43	14	93	18	8	11	67	94	81	20	14	7	14	86
59	85	26	54	44	51	86	54	91	7	48	55	81	0	80	31	11	58	20	57	8	54	45	62	36	71	16	48	54	51	85	82	89	61	50	86	33	22	81	1	24	41	95	16	12	3	38	96	52	20	21
91	12	32	41	51	16	87	80	74	68	25	94	57	15	0	73	45	11	83	36	45	24	6	25	35	6	80	93	69	56	62	71	96	92	38	52	18	41	42	99	70	96	32	37	65	79	83	60	57	41	76
26	71	58	10	80	5	33	42	25	4	95	44	76	11	76	0	29	37	76	92	79	50	4	42	5	96	65	26	56	19	73	14	69	83	72	16	99	99	62	21	21	37	42	14	7	41	59	49	92	51	99
11	95	25	72	97	65	92	21	70	29	90	34	39	70	68	86	0	2	31	76	15	82	49	30	70	5	66	40	20	93	30	79	60	29	8	8	87	91	94	92	19	70	97	36	71	8	51	67	74	77	13
74	93	65	51	18	76	52	18	86	84	8	32	72	57	57	27	81	0	82	93	89	51	30	28	41	58	7	23	63	5	83	6	16	61	69	92	83	18	72	61	97	38	92	77	90	92	74	64	28	79	61
70	94	63	11	74	20	34	55	44	3	7	40	9	66	73	18	89	63	0	74	97	41	23	30	20	27	24	46	91	67	78	4	99	22	97	8	81	27	39	34	96	90	11	85	12	44	5	56	49	17	55
31	40	72	12	4	53	65	92	42	50	73	15	6	76	30	96	20	17	75	0	13	10	96	15	85	79	94	77	15	47	2	20	17	97	29	25	28	85	10	65	10	98	20	30	3	34	43	54	34	71	27
52	94	2	85	36	32	48	73	87	41	4	56	43	52	6	50	66	73	74	68	0	90	44	55	49	63	63	56	10	36	69	22	39	6	3	57	83	18	87	62	74	84	19	53	39	19	24	47	76	44	37
5	22	25	58	9	96	48	8	51	84	50	53	99	12	54	9	94	9	54	40	90	0	26	25	46	81	93	73	46	92	35	45	98	82	20	90	5	98	18	5	66	89	74	43	99	4	87	10	29	12	23
34	93	25	50	48	7	59	12	15	68	80	55	21	58	46	83	39	81	2	37	36	3	0	90	37	5	17	69	62	34	30	26	69	73	64	19	33	59	75	31	73	17	8	48	15	23	53	20	75	76	22
34	79	84	91	6	92	75	71	80	9	50	47	56	24	89	49	45	30	96	80	9	11	29	0	43	69	54	88	18	92	29	19	64	55	14	89	12	60	25	9	48	73	27	80	34	92	6	92	91	41	4
64	72	35	96	16	74	84	85	62	5	50	63	23	96	39	20	3	78	95	53	29	63	56	35	0	90	32	50	70	33	18	55	32	92	19	21	2	85	19	50	29	41	65	58	85	71	47	47	2	7	86
45	86	85	45	29	58	54	52	22	83	52	81	22	80	68	31	35	45	10	49	76	63	32	96	96	0	41	32	34	73	83	73	97	68	50	74	98	9	45	8	42	16	6	28	5	39	59	81	94	99	86
89	74	88	60	68	44	28	18	65	56	90	82	69	60	99	15	89	31	22	40	86	46	39	29	3	40	0	57	66	84	49	29	6	7	7	32	29	70	45	90	35	80	26	53	5	26	75	11	23	99	72
28	4	58	87	28	49	73	1	38	5	95	49	69	86	91	6	44	96	73	95	56	46	45	87	13	66	86	0	82	38	68	95	10	46	97	75	97	16	57	89	52	3	86	68	87	99	85	45	92	19	83
88	58	19	70	79	74	39	83	46	69	94	44	85	80	98	92	83	22	46	15	84	41	7	81	12	33	49	27	0	19	9	50	79	27	9	22	40	60	47	90	21	23	20	64	15	81	25	91	90	24	86
23	16	36	89	64	65	88	37	83	21	41	12	54	92	97	47	17	32	79	57	67	9	63	36	48	88	85	60	9	0	73	33	2	15	68	89	73	86	87	54	61	67	85	37	8	81	62	37	16	2	18
62	50	40	61	91	46	17	51	9	86	21	97	73	16	94	42	77	36	17	29	55	9	49	45	65	96	51	44	90	43	0	71	81	36	76	93	80	31	64	6	87	77	76	80	73	35	84	30	44	70	80
67	27	7	9	71	85	48	1	89	96	92	14	55	10	21	5	76	40	81	51	47	19	85	64	20	87	37	12	49	21	74	0	13	4	9	50	99	16	42	86	71	77	6	34	61	34	2	87	35	96	7
6	97	27	10	81	17	22	21	45	77	63	79	78	28	59	1	71	71	88	60	49	45	58	64	51	60	88	98	88	28	39	94	0	20	40	88	8	37	22	93	62	32	8	83	76	90	84	11	36	76	52
34	74	35	79	39	44	10	43	89	12	3	77	62	74	11	62	73	15	36	27	6	33	68	25	52	2	8	10	25	48	92	64	24	0	86	14	67	18	7	61	41	23	99	49	14	92	71	96	60	58	35
38	67	39	31	16	41	27	5	33	85	93	80	75	77	5	68	77	26	74	95	96	15	9	19	9	1	31	14	89	87	97	49	97	79	0	13	25	29	93	22	7	37	12	17	55	43	47	4	6	51	3
31	84	51	59	88	6	24	6	50	49	87	64	17	75	68	20	18	14	71	1	72	71	32	12	59	85	94	95	57	9	59	21	71	42	72	0	50	39	2	75	67	13	53	57	26	8	75	24	49	65	39
86	48	11	82	89	16	74	14	77	66	79	24	31	45	16	43	38	19	17	29	99	42	81	51	72	47	74	96	45	45	95	94	29	13	82	85	0	63	54	3	34	65	39	94	61	45	26	77	14	55	26
65	6	9	18	37	12	46	66	34	98	76	23	26	68	31	96	81	21	32	53	36	16	7	72	61	47	34	99	60	43	16	10	97	52	85	50	99	0	28	23	36	75	12	60	84	95	82	61	64	96	62
88	98	68	33	36	15	36	58	21	37	22	76	40	22	72	97	90	26	91	2	10	94	88	75	16	70	78	75	26	54	71	5	68	96	77	16	95	18	0	57	75	22	64	21	13	24	26	21	56	84	85
82	95	36	23	98	82	40	11	58	28	91	40	84	83	38	59	84	17	60	58	66	91	56	91	70	45	72	75	14	91	78	69	91	68	89	87	56	33	88	0	68	19	3	55	73	30	80	89	42	35	54
38	41	43	3	26	99	82	10	51	45	52	77	79	63	30	91	14	15	76	60	77	79	66	26	8	84	28	65	87	65	98	55	75	46	85	93	38	35	58	68	0	47	8	50	30	85	99	82	91	21	8
84	61	72	1	71	25	62	24	99	43	21	3	62	82	3	41	69	54	70	44	48	66	43	23	66	52	41	86	78	8	3	63	40	11	30	15	89	94	44	82	30	0	49	20	52	79	81	59	36	7	25
54	18	75	82	31	66	33	88	44	28	24	64	31	36	24	59	23	31	79	73	21	48	35	59	93	67	33	78	72	83	83	72	16	4	42	80	93	56	94	18	25	52	0	22	16	37	21	21	97	22	83
10	32	83	72	78	31	7	11	47	14	97	56	57	85	42	23	80	77	68	72	57	84	85	69	78	97	86	64	16	59	14	28	59	41	93	95	7	60	97	20	91	96	34	0	99	69	21	8	77	75	8
26	85	35	67	42	80	11	96	76	8	77	32	90	9	12	51	43	31	81	16	77	46	96	14	46	71	20	18	97	17	88	95	84	95	20	90	91	94	49	31	82	74	14	59	0	16	1	79	34	61	29
1	6	96	7	70	71	94	45	59	55	29	48	17	4	2	13	86	2	52	9	22	70	3	2	39	87	71	24	73	36	84	61	73	35	57	90	32	73	39	43	64	12	50	47	35	0	38	70	20	12	36
96	13	90	72	53	17	21	63	79	38	9	2	73	59	82	8	8	24	19	60	18	89	23	80	29	20	54	5	73	6	7	64	57	32	63	63	69	41	89	81	37	51	51	57	28	50	0	69	93	96	4
24	72	43	65	26	44	27	85	81	51	44	3	16	14	10	26	35	17	69	87	20	96	68	42	53	14	69	78	19	6	32	73	43	60	74	70	20	80	69	57	95	55	73	11	65	17	73	0	71	76	37
37	67	93	83	76	85	69	21	25	93	54	55	64	10	72	40	11	74	3	22	54	43	45	14	14	2	50	67	51	47	90	58	84	64	63	46	86	29	2	16	69	26	43	74	60	16	12	44	0	32	57
91	14	6	55	18	69	60	48	9	61	72	57	89	18	72	96	35	69	77	37	76	14	44	66	63	49	53	32	11	44	46	38	12	39	6	63	76	48	47	70	15	47	81	63	18	85	34	84	68	0	90
40	50	73	93	62	24	28	39	76	17	36	11	52	7	4	59	67	31	18	2	34	14	95	85	84	74	40	11	80	56	91	81	6	70	52	70	42	14	13	28	25	92	66	98	30	68	57	9	99	35	0
