n:	50
m:	8
Pi[1-99]	69	17	7	14	74	48	2	33	68	77	30	1	54	50	23	77	24	97	82	62	29	25	79	84	31	72	97	77	16	70	9	17	58	25	32	12	26	69	53	90	60	39	8	75	43	6	69	8	9	30
Sij[1-49]																																																		
0	1	34	33	1	3	26	21	5	14	31	5	7	38	28	32	39	3	12	48	29	15	40	36	9	37	22	49	37	5	4	23	6	19	29	36	47	13	1	35	36	41	45	29	39	35	48	11	20	15	29
35	0	31	1	35	21	42	28	3	45	27	5	14	9	10	45	11	21	46	32	42	44	47	43	12	44	12	29	23	18	8	26	9	13	14	40	49	10	32	12	47	38	41	17	3	42	49	37	33	12	3
14	2	0	19	9	29	6	49	39	13	12	5	17	21	31	39	46	25	46	19	12	23	33	1	7	49	43	47	47	10	15	24	46	37	42	5	39	24	34	5	24	31	29	14	35	18	21	23	29	18	9
49	4	25	0	33	29	12	44	10	17	47	31	49	46	42	15	47	3	4	23	8	5	28	40	45	31	20	1	29	9	1	41	44	29	13	46	5	30	3	4	15	20	17	33	41	20	1	19	46	15	35
12	49	7	45	0	31	41	48	2	43	31	13	5	36	22	6	4	1	47	42	19	18	31	48	14	47	43	7	28	36	29	30	23	43	24	29	16	23	7	32	1	14	11	45	28	12	31	5	25	23	26
24	3	48	25	46	0	49	16	13	32	40	7	39	34	15	40	20	38	36	6	26	15	32	49	2	39	42	16	5	36	33	18	43	29	18	2	44	6	49	49	25	27	45	22	42	46	40	17	22	44	26
46	15	31	12	33	49	0	26	32	31	17	41	27	18	25	2	38	36	11	20	46	30	15	30	27	40	15	9	32	8	37	18	6	27	43	11	22	12	38	34	21	38	35	40	48	38	22	26	13	38	41
19	28	6	40	19	49	26	0	8	42	16	30	2	40	39	19	23	17	46	32	11	24	26	2	32	6	45	19	47	17	29	41	18	16	19	24	28	16	32	14	34	32	16	33	47	48	29	38	32	13	34
1	14	47	4	19	45	45	48	0	27	3	2	10	44	42	5	31	21	31	47	31	12	28	38	40	38	6	26	27	24	4	18	40	29	39	12	32	1	28	1	44	20	47	29	13	28	12	4	37	1	25
18	40	49	49	4	19	38	30	2	0	8	34	40	20	26	21	23	23	20	19	35	17	26	17	27	49	33	47	36	13	27	46	10	14	35	33	4	38	22	29	30	3	15	44	36	42	49	22	46	44	47
10	39	22	15	7	15	36	30	15	12	0	24	45	49	46	3	47	22	3	10	16	45	22	47	14	29	14	13	35	17	3	35	46	16	45	18	9	49	22	28	11	48	47	46	27	7	11	1	12	49	11
12	7	5	18	13	27	34	24	11	49	49	0	38	13	42	49	27	27	21	39	2	35	12	16	49	26	20	8	6	30	17	1	39	33	31	20	10	2	28	49	28	41	34	10	16	27	1	36	21	6	42
49	33	10	23	44	21	18	17	40	34	30	34	0	1	29	36	3	27	45	39	11	8	36	25	46	22	45	10	45	2	9	1	24	37	36	44	47	17	9	43	37	12	34	15	31	24	30	39	42	7	20
33	15	6	9	14	25	39	35	47	6	48	34	12	0	16	38	34	2	45	16	45	7	3	3	9	6	29	31	27	1	17	22	15	31	10	42	8	24	18	48	11	7	38	16	46	21	49	6	26	35	37
1	14	22	21	19	9	44	49	31	34	10	19	42	47	0	26	38	23	4	22	4	18	34	38	6	43	31	37	8	24	11	30	33	27	6	15	13	42	15	20	41	26	46	13	6	9	11	14	44	17	3
34	25	43	33	23	11	33	24	33	13	27	17	14	47	21	0	18	39	11	24	48	37	27	9	30	7	41	2	30	8	15	4	38	18	30	9	9	42	5	38	40	22	19	15	14	49	31	48	39	6	5
4	32	1	28	31	44	22	8	7	33	10	16	23	34	41	16	0	37	49	16	22	12	13	37	37	36	15	41	49	46	18	46	25	30	27	5	34	15	11	42	19	1	18	35	2	49	22	43	14	21	23
41	40	16	46	36	9	30	35	22	25	7	30	21	24	36	4	21	0	40	11	6	24	21	37	13	30	37	12	34	7	23	22	29	29	23	37	18	9	15	3	34	4	26	7	23	19	11	21	4	12	18
28	33	36	17	36	37	20	17	7	17	11	15	32	1	47	1	18	25	0	33	40	29	46	46	23	4	13	11	30	28	46	15	28	11	21	24	1	31	38	10	33	49	22	26	21	43	41	23	37	40	35
13	45	31	32	31	16	20	8	42	15	15	11	14	28	29	17	29	20	1	0	49	2	28	35	21	25	47	14	15	33	45	40	39	4	4	33	38	14	7	14	44	3	16	24	35	14	27	25	49	25	21
29	25	30	32	37	38	42	2	39	17	32	38	11	37	13	48	2	17	20	30	0	24	38	14	8	18	3	34	37	29	38	46	17	24	3	28	6	25	34	2	3	37	7	6	34	30	20	24	40	47	10
41	36	33	5	44	41	40	34	13	27	44	35	32	33	3	15	31	23	1	21	21	0	28	10	41	22	12	26	34	21	30	23	38	44	12	48	37	13	38	48	26	35	21	17	26	48	30	38	42	11	29
26	1	47	42	34	18	40	42	28	43	45	23	39	36	37	48	20	37	43	47	29	21	0	35	31	19	31	17	40	42	34	47	37	41	45	26	2	30	18	42	15	6	25	30	41	46	35	14	15	16	34
27	24	18	10	26	41	11	29	2	19	11	2	40	17	21	13	7	21	23	27	28	38	29	0	24	44	1	41	12	42	29	22	18	40	30	33	13	1	10	24	10	3	12	45	1	29	45	33	7	16	8
35	17	48	45	9	42	5	14	13	25	42	17	27	32	47	8	10	28	46	10	27	38	31	36	0	37	37	18	39	7	30	47	1	35	23	44	47	28	37	12	44	2	32	16	3	7	19	35	3	31	40
14	42	14	47	12	5	12	26	30	43	13	30	34	43	41	29	1	23	33	23	5	34	14	29	35	0	20	26	42	26	40	38	22	20	46	12	30	29	34	42	29	18	3	19	48	28	23	49	8	47	44
17	18	41	26	40	41	35	44	20	40	21	33	6	7	21	5	46	16	28	45	48	43	26	40	30	31	0	24	43	46	20	31	18	7	26	16	7	18	36	7	14	9	28	13	33	33	8	30	23	40	13
25	30	21	23	22	5	31	29	32	23	39	48	15	7	32	16	17	38	5	46	6	16	12	24	15	41	36	0	44	1	9	40	23	15	3	23	20	49	11	33	41	5	9	11	35	1	45	47	48	21	41
28	12	2	37	27	31	49	29	12	9	29	5	11	9	7	24	13	33	14	48	31	31	34	18	20	41	39	23	0	44	18	42	29	10	24	48	29	29	3	17	49	33	1	36	32	17	39	5	26	38	7
25	29	7	14	40	33	29	38	7	18	23	11	38	34	11	26	49	4	6	11	25	2	21	49	10	9	41	8	40	0	48	44	9	43	11	2	7	15	37	30	10	46	40	19	34	15	33	30	43	4	14
19	2	38	10	34	15	25	44	35	15	39	47	15	35	31	23	48	28	38	2	30	18	3	10	48	42	12	17	39	34	0	40	6	33	19	2	41	5	31	23	4	33	22	1	43	20	45	16	18	13	2
22	34	11	30	9	19	35	13	43	3	11	21	42	6	22	41	46	30	24	17	18	30	27	8	47	45	41	3	4	3	1	0	2	30	33	23	49	34	27	24	8	49	5	29	17	39	18	44	29	2	40
28	43	6	20	10	31	30	6	11	15	33	14	40	6	9	34	15	38	45	12	9	14	25	45	42	29	16	42	19	35	17	37	0	17	30	19	40	30	15	31	15	24	17	21	34	11	23	20	34	1	11
25	6	46	6	39	45	47	15	24	39	27	31	13	38	47	3	45	25	6	43	21	6	45	19	40	21	37	17	11	14	11	13	34	0	2	19	39	40	49	44	49	5	21	34	28	37	10	24	34	40	11
13	16	31	1	23	16	38	19	20	19	44	44	21	3	42	44	6	9	15	15	37	14	31	14	45	9	18	25	10	40	39	6	24	16	0	48	35	13	14	18	41	9	13	49	43	18	47	35	39	17	7
47	30	34	17	48	37	11	17	26	29	13	47	31	42	43	21	45	1	40	2	34	38	38	13	41	46	25	36	30	23	26	30	34	20	35	0	26	36	2	14	1	39	46	25	11	26	11	26	19	37	20
38	28	10	13	33	2	35	27	45	38	29	5	24	35	8	40	21	32	43	2	1	1	15	19	5	34	25	2	4	19	46	20	41	2	18	38	0	46	37	33	37	10	25	36	1	23	36	18	24	10	43
23	49	37	41	42	49	24	18	20	34	10	47	17	12	42	33	11	9	22	19	27	23	24	12	11	43	47	26	2	33	41	45	5	14	42	14	23	0	20	2	21	6	37	43	40	47	31	35	7	45	47
46	30	31	21	43	23	13	31	35	41	39	44	47	8	38	17	32	6	18	8	25	5	18	2	4	8	23	8	24	3	30	43	23	23	17	22	49	42	0	48	19	23	34	28	11	17	37	25	7	13	44
19	11	36	49	33	1	38	14	38	2	40	8	49	35	29	11	29	42	28	21	30	34	39	29	15	7	23	43	19	35	35	49	11	3	5	31	43	10	18	0	19	37	7	37	46	46	9	8	3	40	1
11	46	46	38	24	17	6	49	39	3	44	22	46	43	49	28	19	8	38	39	4	22	42	25	45	23	44	18	24	49	27	29	33	38	8	4	18	44	45	3	0	45	17	3	8	35	41	19	8	22	18
5	1	34	17	11	5	19	31	15	24	36	47	48	46	38	37	4	38	43	13	38	30	12	13	43	10	11	5	19	10	29	37	43	33	1	2	18	40	47	10	17	0	45	14	20	6	32	2	20	26	39
34	34	23	41	25	7	20	46	9	33	13	35	2	48	46	36	24	14	35	29	3	5	7	35	34	44	16	16	10	20	23	1	27	48	4	1	6	8	3	21	11	13	0	29	32	5	37	38	29	49	5
45	6	8	33	16	18	25	24	21	13	36	22	47	24	32	17	16	38	12	29	16	41	12	40	30	33	45	7	16	41	40	35	48	3	7	5	44	16	10	45	42	19	12	0	40	1	7	33	40	7	46
10	7	46	47	11	43	11	33	47	20	2	39	14	1	22	45	24	44	32	48	22	15	36	46	30	34	49	1	36	42	30	49	28	8	25	34	18	17	5	36	6	31	5	28	0	38	24	24	49	21	20
24	13	26	15	34	47	4	19	46	39	24	21	29	3	42	25	40	24	17	15	21	33	17	14	6	47	48	37	40	8	38	5	23	20	38	32	20	27	26	4	29	26	15	33	40	0	49	13	12	21	22
16	16	30	16	38	16	16	8	3	33	39	27	24	14	4	15	4	18	34	38	14	31	8	34	22	20	9	22	35	40	20	15	39	49	34	25	24	16	3	27	14	33	40	12	48	1	0	46	33	6	19
45	22	19	8	28	42	3	28	44	36	39	45	27	13	33	43	41	39	13	24	37	11	24	11	49	37	21	32	9	49	44	2	19	44	31	9	34	38	34	11	3	15	8	42	16	1	25	0	46	39	4
37	7	13	27	28	16	6	44	40	44	47	17	37	28	29	13	28	10	31	9	45	48	43	34	24	41	5	33	28	24	36	42	13	1	10	33	31	35	24	47	23	46	14	17	41	30	34	44	0	12	34
43	15	23	16	44	31	36	37	3	40	8	2	35	9	20	23	10	33	34	44	29	29	48	41	49	32	45	25	23	41	22	45	33	5	30	35	7	43	32	15	5	26	36	12	28	17	45	3	31	0	35
5	6	42	19	34	35	20	40	1	41	33	24	26	38	29	40	14	44	24	44	40	49	24	23	46	31	4	18	7	25	15	26	45	38	27	16	15	9	26	13	32	39	41	33	23	36	33	22	37	5	0
