n:	40
m:	4
Pi:[1-99]	85	58	37	99	32	71	7	34	5	17	23	90	75	41	84	91	71	42	43	76	12	23	5	68	89	12	3	99	40	70	49	24	98	54	63	58	80	40	79	10
Sij:[1-124]																																								
0	50	50	71	79	56	108	54	45	70	115	17	43	26	35	27	36	10	92	93	2	51	72	57	56	10	44	84	60	65	115	77	123	58	92	93	9	61	118	109	109
67	0	43	54	113	23	65	50	73	97	122	79	53	4	93	19	29	1	44	112	110	47	52	37	3	3	52	27	18	16	36	70	70	18	113	28	20	15	24	2	117
54	22	0	72	68	119	36	83	103	63	13	59	104	114	74	46	38	24	57	104	15	32	47	51	117	90	113	59	28	51	41	45	111	43	56	110	122	46	87	33	59
50	45	77	0	7	108	50	9	5	44	114	78	4	76	36	66	10	80	109	51	64	11	110	55	62	33	46	57	66	120	77	26	34	49	89	12	13	19	123	120	66
37	58	46	30	0	66	47	106	93	13	111	9	100	10	121	112	16	45	112	77	37	104	81	40	50	8	17	38	1	37	123	18	30	52	62	76	23	53	91	51	54
47	89	120	58	95	0	89	114	28	79	114	26	74	113	81	108	115	20	58	106	2	78	108	42	41	85	39	86	63	41	96	71	33	56	94	117	1	23	2	122	42
14	121	48	30	48	21	0	124	25	113	65	9	83	81	18	104	78	8	14	39	37	27	57	61	2	91	10	18	61	44	86	45	28	44	21	44	34	26	92	69	117
42	2	56	110	10	87	28	0	123	64	19	61	1	89	119	98	53	96	16	122	50	18	23	32	116	77	87	37	38	112	52	68	52	85	39	8	96	4	85	1	115
22	93	51	12	18	14	87	82	0	44	53	80	111	8	92	32	63	13	57	94	30	106	83	34	104	25	1	24	107	70	87	29	89	70	23	13	93	22	80	87	7
76	61	40	28	124	77	80	26	43	0	116	105	104	60	74	21	46	114	95	124	31	78	59	73	92	67	92	120	31	108	28	124	17	55	67	22	33	117	48	109	85
96	45	92	61	106	111	79	39	120	92	0	91	90	88	31	115	110	69	78	96	20	69	113	57	90	120	53	92	16	46	59	90	42	94	63	71	62	79	115	121	34
29	86	93	18	55	108	19	97	118	53	6	0	105	38	94	103	106	56	84	87	14	42	62	115	71	71	69	56	122	111	101	50	36	6	101	4	17	90	42	62	3
85	117	67	96	83	87	7	112	52	10	59	45	0	64	28	13	66	65	92	11	34	25	106	14	101	65	19	34	45	82	108	15	50	80	53	34	18	76	13	12	14
24	95	109	88	92	23	32	87	40	99	9	70	7	0	35	24	30	50	13	55	18	40	58	49	74	103	27	115	24	77	123	98	87	6	59	63	46	72	47	42	98
89	9	96	98	85	106	79	89	60	63	102	19	84	42	0	22	81	84	118	4	124	77	41	74	75	94	3	3	61	91	10	61	119	30	87	56	2	124	83	60	46
32	97	80	115	80	51	7	50	124	85	36	71	116	42	109	0	100	36	121	77	60	10	24	94	95	72	56	56	70	123	95	88	49	98	4	19	53	98	15	77	86
10	12	23	37	19	63	96	30	16	105	3	66	17	5	41	34	0	46	43	120	100	21	20	117	25	121	116	98	112	123	110	106	55	6	86	65	97	56	10	70	107
1	2	113	75	63	62	99	96	34	91	89	97	107	113	63	2	59	0	60	82	35	100	62	51	42	44	89	54	18	41	121	33	14	57	89	94	11	50	93	103	39
102	4	81	65	97	14	46	11	22	14	96	48	92	13	108	116	75	68	0	17	66	33	55	61	7	67	8	113	6	61	55	15	118	45	37	61	54	58	21	48	114
1	21	48	100	30	53	83	14	93	19	6	71	72	3	24	95	73	34	79	0	59	38	27	44	32	106	20	106	22	21	71	70	78	112	9	49	47	57	5	97	29
107	72	65	62	13	80	42	41	103	66	9	91	49	18	35	97	113	85	90	112	0	14	123	87	16	10	5	42	7	110	32	65	77	82	113	25	19	116	101	87	102
27	107	90	17	32	63	91	41	51	5	109	61	31	70	88	110	1	34	70	124	7	0	119	86	47	11	35	5	79	9	90	107	30	100	3	123	87	27	76	8	45
15	18	90	83	17	18	11	118	63	73	87	77	108	75	46	76	63	16	48	95	108	55	0	121	97	72	17	36	69	71	100	69	87	84	31	53	19	18	108	71	17
73	112	108	2	103	114	41	44	78	63	82	27	4	70	114	89	94	14	109	23	87	6	72	0	84	26	52	58	67	31	41	82	99	39	60	99	110	41	98	116	48
117	73	93	119	41	12	58	80	98	36	123	9	38	10	1	91	79	103	121	19	63	123	21	64	0	86	69	56	31	88	52	6	83	24	97	118	44	86	120	44	46
72	118	73	52	32	112	5	90	85	121	43	11	77	13	23	100	91	6	32	12	99	30	20	7	56	0	42	88	36	25	25	109	95	38	104	33	120	32	40	8	105
11	46	58	98	27	94	53	85	16	30	85	27	42	79	30	61	13	20	58	36	108	93	21	87	65	35	0	121	75	73	101	34	113	3	17	104	107	52	54	22	26
101	62	1	113	20	44	7	10	75	91	68	123	21	68	61	103	40	80	58	15	87	35	54	79	46	114	44	0	72	24	19	122	49	92	100	93	16	68	73	49	82
117	8	12	101	89	115	31	30	86	11	4	41	58	21	53	114	22	40	111	79	103	10	92	37	8	30	69	100	0	4	101	102	8	91	98	79	30	36	121	54	55
20	112	97	12	36	20	6	120	23	2	32	94	89	40	68	102	89	45	73	35	62	111	4	16	113	101	69	23	104	0	73	118	2	49	100	15	42	25	104	119	23
108	58	57	5	53	108	109	122	99	118	78	71	67	53	96	51	97	122	105	1	17	35	88	122	91	84	94	36	35	2	0	122	69	49	123	9	100	124	63	100	96
40	84	103	60	25	22	81	31	8	24	17	117	6	110	22	75	30	62	58	29	79	60	15	42	112	43	26	61	27	7	60	0	11	105	72	79	85	87	113	121	25
43	35	77	84	65	57	80	64	70	17	41	29	57	113	35	46	102	116	54	124	106	70	48	68	54	124	95	44	39	11	28	118	0	75	50	60	4	119	36	65	84
97	41	121	123	95	45	43	7	117	103	53	5	54	58	33	103	28	72	51	39	68	62	30	74	83	26	17	119	64	35	117	66	52	0	119	8	106	81	115	2	32
11	38	107	10	106	82	112	11	24	14	66	70	55	123	38	116	39	87	111	31	43	60	73	110	55	85	99	113	107	83	93	60	68	50	0	100	32	106	15	27	18
100	60	62	51	97	102	68	75	77	4	59	22	71	60	38	28	121	83	11	34	18	39	70	75	61	118	59	62	110	101	48	67	102	70	4	0	92	21	98	68	17
20	56	33	42	37	36	55	44	103	21	26	70	84	43	8	56	113	31	123	110	20	83	60	71	20	24	102	93	17	36	109	34	92	116	124	97	0	67	95	118	124
119	82	77	38	96	8	104	10	124	112	17	34	2	97	82	70	71	47	62	116	18	104	81	56	70	60	19	43	17	84	102	71	11	110	45	13	74	0	116	17	28
52	10	70	117	49	52	93	54	59	43	83	2	107	29	106	120	4	85	67	103	82	91	109	90	22	73	50	72	3	46	62	101	15	60	121	76	85	31	0	82	123
114	23	27	19	51	80	118	40	61	62	101	25	43	27	52	42	35	32	23	84	11	65	110	124	101	110	70	6	58	107	109	76	84	74	5	97	92	6	98	0	15
90	58	71	98	53	88	99	101	100	119	88	106	120	41	76	93	2	112	104	108	89	77	107	2	60	12	8	42	122	110	12	22	97	111	38	74	6	10	57	104	0
