n:	40
m:	6
Pi:[1-99]	79	94	74	31	41	88	91	2	85	54	39	74	27	29	87	69	19	10	55	10	59	56	8	39	63	25	45	74	16	16	8	49	18	91	33	96	94	79	69	32
Sij:[1-124]																																								
0	104	27	36	93	6	29	66	56	20	16	6	72	74	76	10	36	123	106	106	52	78	120	101	3	16	56	101	70	70	6	98	51	23	89	29	37	28	12	52	55
27	0	59	120	60	107	110	80	9	17	103	36	15	59	19	42	104	14	105	53	96	83	123	108	104	102	101	54	75	97	43	82	37	32	22	38	87	48	19	37	48
9	74	0	44	9	6	53	107	118	119	74	72	118	68	11	115	65	80	56	92	1	2	73	74	43	83	104	40	46	39	115	27	113	103	42	42	123	68	118	70	38
12	13	100	0	107	13	78	30	52	66	99	43	104	26	108	22	96	5	67	89	14	115	111	53	79	18	89	4	79	19	73	36	91	10	120	84	91	51	68	79	104
55	98	32	90	0	112	59	30	124	71	47	93	17	36	122	79	56	51	123	81	9	95	73	3	65	30	9	36	17	19	41	94	86	78	121	25	70	94	61	75	86
62	49	111	77	33	0	114	118	87	21	87	86	42	89	26	6	111	105	111	72	86	57	20	50	83	32	88	5	36	61	58	39	14	29	46	44	62	12	113	40	110
113	113	41	46	38	26	0	15	43	31	28	8	89	120	76	62	63	86	3	70	95	99	57	56	43	11	83	98	37	107	88	60	68	104	114	123	38	68	93	86	70
56	118	81	55	41	70	60	0	51	118	115	45	16	4	108	14	76	43	38	114	88	26	38	118	73	82	123	7	79	124	56	27	103	72	27	21	97	18	4	83	58
94	83	31	101	27	84	18	115	0	8	90	117	35	107	1	118	47	115	121	22	40	56	49	37	6	12	107	34	55	1	16	107	117	63	9	105	100	35	16	31	28
74	124	14	109	120	50	120	114	93	0	85	16	120	109	3	85	67	30	113	95	82	81	59	87	124	89	14	82	21	104	72	3	31	57	15	117	27	28	58	15	35
40	92	119	106	24	106	31	96	54	74	0	37	60	37	118	109	3	50	64	97	19	80	30	87	76	31	76	75	18	115	105	21	58	102	66	69	60	3	44	6	85
53	56	92	11	64	71	74	15	55	16	21	0	19	117	2	90	114	80	77	66	9	109	32	43	55	63	66	35	11	12	51	58	43	88	27	25	28	30	34	41	103
107	89	115	51	77	108	33	120	102	108	60	82	0	53	14	16	34	123	67	15	48	114	14	19	78	72	48	118	73	83	24	20	77	55	84	106	75	14	61	80	26
86	115	86	11	61	79	28	5	104	118	16	9	29	0	120	112	26	64	74	11	7	57	68	104	3	100	110	17	76	85	77	49	2	69	70	24	18	120	69	99	99
24	83	17	98	45	115	122	51	34	34	33	14	49	20	0	28	28	33	2	86	73	6	54	70	5	34	64	97	78	64	88	50	107	49	118	37	101	21	109	63	11
15	18	71	118	32	48	60	16	118	89	15	120	32	90	55	0	113	103	110	39	49	24	13	64	85	42	12	96	37	79	119	99	117	1	27	26	106	4	118	28	58
85	115	50	90	45	29	2	59	32	76	35	101	92	113	36	115	0	121	32	36	94	101	28	50	37	25	40	71	2	86	120	122	37	105	48	57	16	54	50	36	34
25	67	91	43	104	114	57	77	93	105	30	12	59	38	120	87	115	0	2	79	114	89	124	119	95	13	124	90	73	33	87	81	42	61	123	20	80	118	32	85	6
27	44	66	5	7	106	90	55	46	102	38	102	123	26	70	10	76	37	0	2	53	61	56	90	53	14	115	15	108	82	55	58	106	38	80	72	95	61	103	73	69
4	122	10	87	84	100	4	21	46	101	10	58	32	60	98	105	55	121	26	0	37	1	88	97	55	69	113	91	71	121	44	47	73	115	79	114	82	31	35	82	54
71	45	39	10	115	43	18	39	100	95	78	106	89	52	40	51	99	81	24	67	0	32	67	60	33	17	87	64	94	121	108	22	43	40	34	49	27	96	120	5	33
119	115	103	121	49	113	60	17	84	62	77	107	42	52	41	120	73	86	53	27	119	0	84	50	101	85	96	70	28	94	4	20	7	95	61	5	39	81	78	44	120
107	113	58	109	37	84	104	74	53	112	104	37	81	19	67	78	58	75	57	76	62	104	0	76	63	105	28	29	28	83	101	86	7	31	33	8	113	40	74	77	81
81	68	61	45	10	121	105	56	9	26	73	30	33	41	120	60	30	63	4	81	124	67	93	0	56	117	52	17	14	104	116	5	64	111	3	75	9	115	106	11	46
81	94	28	62	50	88	4	97	120	91	36	60	45	95	75	38	67	5	88	117	50	109	80	96	0	62	70	77	12	113	51	17	40	72	19	35	1	5	72	48	110
116	109	37	24	34	56	33	29	105	15	89	99	115	67	3	115	104	52	107	27	105	86	17	38	100	0	71	63	47	101	37	100	69	79	53	53	15	73	41	7	118
92	74	8	76	60	62	63	88	94	104	116	38	9	122	19	7	107	3	50	54	84	113	82	53	22	27	0	90	123	78	85	21	113	123	80	39	12	36	77	43	41
40	38	84	122	17	57	55	40	55	108	73	46	22	26	82	107	54	90	86	101	55	50	40	79	19	51	39	0	89	60	87	31	69	11	89	113	94	97	25	17	99
7	30	8	92	86	119	101	86	25	29	48	3	72	48	115	15	46	64	85	117	100	73	124	17	113	56	65	8	0	111	113	6	85	5	52	39	59	71	110	65	6
50	1	91	44	18	62	7	84	106	79	92	99	5	7	91	108	1	12	17	109	69	68	115	44	62	58	27	32	10	0	41	12	12	66	79	20	51	9	83	73	124
119	41	21	50	50	27	68	65	6	88	23	115	43	81	106	119	102	123	99	62	40	16	113	1	33	70	32	54	83	118	0	123	68	58	13	27	117	62	8	4	59
62	54	7	11	32	112	2	95	110	103	46	68	29	104	40	55	101	64	32	79	39	110	94	110	115	5	118	114	67	27	92	0	95	69	37	32	74	7	102	1	115
4	6	53	96	47	70	20	58	51	24	83	109	30	77	69	115	56	50	97	110	47	54	121	91	16	99	8	48	28	12	35	67	0	6	104	73	103	77	14	36	55
52	20	41	37	4	60	103	64	82	40	33	52	109	23	20	13	4	14	109	11	103	84	48	7	42	63	98	85	90	73	23	16	123	0	113	66	115	115	35	33	15
35	98	53	20	117	10	102	56	80	31	89	51	65	50	3	61	112	20	109	123	34	67	25	23	71	113	74	93	102	93	21	8	116	113	0	79	124	51	76	122	117
6	41	85	118	121	70	20	34	45	85	71	94	73	113	70	34	82	57	111	12	84	71	86	22	112	82	16	37	95	7	23	22	93	103	18	0	68	28	92	61	54
91	96	63	22	12	81	73	96	33	50	88	1	74	121	100	92	43	38	97	112	81	45	83	47	68	2	18	122	99	59	84	16	34	113	87	87	0	89	3	107	104
114	39	123	35	4	2	8	62	106	92	18	78	115	37	93	92	21	35	22	37	25	118	53	18	124	63	82	41	66	49	111	118	99	16	19	22	113	0	41	124	1
119	60	2	58	96	121	92	14	74	76	118	47	4	124	111	95	34	48	67	89	8	50	40	59	97	38	99	29	75	90	46	10	58	28	57	74	29	102	0	97	13
59	20	73	75	4	123	9	121	90	29	72	65	56	7	69	51	28	105	64	95	81	8	20	36	101	16	59	116	39	18	105	19	106	83	17	65	114	16	16	0	3
86	119	93	79	18	78	60	10	107	46	36	12	72	109	55	54	121	37	57	11	27	31	14	21	10	6	118	71	124	93	102	116	101	98	32	8	34	124	15	63	0
