n:	40
m:	8
Pi:[1-99]	70	82	68	44	23	33	55	93	51	22	76	41	46	50	98	47	82	25	18	96	44	48	17	62	55	17	31	70	34	25	70	94	34	59	46	86	43	13	5	90
Sij:[1-99]																																								
0	1	69	44	51	76	61	44	79	22	35	45	89	64	71	85	95	54	38	25	83	8	39	35	39	41	46	52	38	86	86	46	17	6	69	91	27	74	57	89	35
1	0	14	17	67	82	68	99	99	64	55	15	29	77	82	83	78	46	86	43	44	97	48	93	41	64	79	98	81	44	99	74	3	14	60	20	56	73	1	46	84
81	17	0	92	16	97	91	12	30	61	76	89	24	24	88	14	45	61	26	95	66	59	59	66	48	56	38	79	65	14	10	40	80	34	3	42	9	96	82	84	85
99	21	9	0	53	76	35	88	31	94	70	90	75	32	82	82	66	86	75	93	84	75	58	66	62	47	24	38	52	38	19	45	33	24	88	50	61	87	50	23	2
44	3	92	39	0	70	72	97	53	36	67	10	19	4	51	13	17	2	18	81	99	71	3	86	92	48	59	59	94	78	80	61	46	71	45	6	76	80	6	50	90
93	54	19	19	72	0	39	52	83	74	51	88	84	20	35	82	63	49	58	61	5	4	24	40	66	4	85	42	79	5	84	75	52	62	3	41	83	68	21	11	82
80	6	87	67	58	71	0	64	79	6	52	77	59	88	96	21	1	5	35	13	4	55	19	19	60	67	43	56	31	48	42	56	29	20	3	97	18	51	14	61	83
50	27	77	88	7	23	90	0	23	67	9	92	9	2	5	19	21	71	73	41	14	83	60	39	14	99	64	83	21	52	3	84	6	27	54	12	6	12	95	3	49
87	58	12	21	32	61	40	40	0	5	47	25	88	73	14	85	61	17	89	60	4	75	53	1	38	82	66	57	9	95	78	87	34	3	38	85	17	53	17	96	13
40	89	63	77	46	79	98	8	12	0	40	3	2	9	32	26	56	65	72	60	70	61	91	3	71	59	29	2	38	14	10	50	37	47	6	83	83	60	30	44	55
45	88	11	69	56	10	9	24	95	5	0	99	95	15	77	56	95	61	8	87	53	89	10	67	94	63	25	56	16	14	70	29	93	1	71	81	14	80	99	96	48
3	39	97	76	38	47	58	33	91	92	54	0	52	30	77	43	92	74	35	71	28	84	65	41	41	26	14	44	79	87	25	38	94	43	94	87	83	33	21	48	21
22	87	49	78	19	41	61	26	12	54	44	97	0	69	35	31	77	98	29	28	29	3	95	68	11	27	25	77	76	49	14	8	27	67	19	83	48	15	62	99	18
67	43	58	31	40	82	85	88	92	41	44	51	36	0	24	46	43	51	45	17	4	17	45	67	75	17	9	39	11	91	25	61	31	79	92	38	60	70	98	46	48
50	83	1	31	58	86	12	68	96	6	54	45	96	95	0	19	49	14	65	98	75	55	85	71	83	92	25	84	49	22	14	32	68	7	76	31	92	35	33	12	6
37	54	48	20	3	44	16	47	72	16	24	65	44	51	2	0	4	61	10	17	23	73	86	7	82	78	78	43	60	20	59	15	64	12	14	6	44	19	69	72	44
11	59	39	75	22	18	36	74	28	33	68	75	5	57	39	49	0	65	63	17	97	24	69	66	18	78	46	55	2	46	11	86	63	11	99	75	94	42	57	7	46
13	54	45	47	97	52	27	90	46	80	40	4	87	72	67	44	17	0	23	83	26	98	28	61	49	7	23	84	83	6	27	80	12	20	17	88	41	58	85	88	89
22	1	31	18	26	79	2	90	36	88	67	55	66	2	77	30	57	80	0	26	78	12	57	14	3	44	98	4	61	88	55	98	47	93	56	29	44	2	58	96	72
37	85	21	74	90	79	45	30	5	60	53	72	37	21	20	22	56	54	47	0	67	14	58	67	39	43	68	36	73	78	93	52	30	12	83	45	65	77	48	34	6
87	80	10	4	48	31	74	81	77	93	72	99	2	65	50	14	19	95	48	46	0	27	10	90	49	99	82	78	13	62	98	57	43	93	3	86	77	70	27	92	49
50	39	55	55	87	74	85	99	99	53	82	8	5	85	72	28	64	11	31	56	37	0	81	60	35	84	30	25	9	7	55	64	35	52	45	21	84	13	72	78	28
47	72	91	4	44	21	70	61	98	50	81	80	36	19	8	29	19	98	73	16	17	18	0	9	4	40	3	27	4	33	62	5	14	1	9	97	74	22	94	15	95
81	55	26	96	88	5	24	36	79	15	74	70	89	40	59	21	95	79	55	63	90	35	84	0	43	69	48	11	69	67	91	81	28	91	29	33	14	72	24	31	59
89	26	6	92	43	48	32	83	63	75	69	87	75	1	60	82	7	69	15	47	22	33	42	70	0	44	15	24	4	2	6	33	32	37	2	61	12	66	11	72	13
76	94	59	35	40	99	51	53	87	2	50	64	55	98	90	93	82	83	49	48	25	85	40	33	95	0	60	80	54	94	95	56	84	5	50	99	15	1	76	30	81
81	15	44	94	93	93	46	39	81	3	25	42	26	32	59	84	9	98	71	56	53	22	80	8	44	27	0	59	3	57	14	38	65	85	59	26	95	8	28	90	69
26	27	82	13	92	47	78	14	1	87	26	22	63	79	82	53	69	39	79	25	37	91	4	94	81	31	99	0	28	17	46	50	72	98	53	74	91	24	5	37	21
35	27	7	86	94	29	12	44	60	54	11	59	39	30	64	35	92	16	2	92	43	41	19	28	59	21	45	3	0	56	78	86	17	5	34	37	92	5	15	55	47
39	21	20	77	91	28	33	48	30	83	12	65	53	74	21	18	44	37	92	75	77	31	61	24	6	9	87	63	32	0	82	89	84	88	88	49	76	63	43	48	99
40	34	82	17	71	5	45	29	61	98	57	3	99	88	18	16	57	60	39	67	91	85	65	3	50	77	83	1	57	10	0	13	68	21	97	9	59	37	37	42	1
29	75	6	4	35	48	44	10	43	28	13	86	82	23	69	28	95	83	58	10	12	57	2	1	74	22	33	19	43	52	55	0	42	16	35	33	48	10	52	47	9
3	71	80	79	53	98	34	8	47	78	31	53	50	59	11	55	60	24	95	62	35	54	78	26	41	62	93	60	78	64	65	23	0	60	81	20	31	84	77	97	61
70	9	11	24	32	93	27	29	42	62	50	40	80	23	66	91	91	61	68	67	30	27	24	74	94	43	54	80	36	15	52	56	25	0	76	71	17	85	41	51	83
43	16	19	71	77	89	33	97	79	59	74	86	8	62	21	80	8	40	79	3	81	84	57	55	83	29	65	62	93	76	61	74	88	74	0	64	40	51	32	38	63
18	41	67	61	73	47	34	13	48	73	17	66	62	54	43	20	86	22	76	41	70	73	8	49	85	33	67	99	33	42	9	74	30	16	12	0	68	65	51	60	35
1	98	19	71	61	36	21	98	82	93	28	58	9	32	45	76	45	38	24	91	71	80	95	55	17	58	50	48	48	32	28	53	79	73	98	77	0	77	25	11	77
59	54	47	70	55	86	99	5	39	20	84	52	2	47	83	20	69	21	41	32	33	33	55	25	81	59	14	13	78	38	28	18	38	98	93	5	42	0	37	46	81
6	59	33	43	75	52	35	24	40	66	4	46	69	2	96	74	45	28	89	95	81	30	42	25	47	41	38	24	79	98	7	94	73	43	63	12	34	46	0	45	99
62	68	65	15	78	79	99	84	39	95	37	50	76	41	40	67	54	74	92	17	11	27	62	19	52	78	87	20	92	92	35	50	62	45	67	19	40	69	71	0	89
2	19	6	61	99	79	5	73	52	25	80	9	45	43	71	19	17	86	63	37	57	86	9	98	28	60	71	25	65	76	58	45	51	10	6	41	4	47	20	83	0
